99 183
1 2
1 3
1 4
1 5
1 6
1 7
1 8
1 9
1 10
2 3
2 4
2 5
2 6
2 7
2 8
2 9
2 10
3 4
3 5
3 6
3 7
3 8
3 9
3 10
4 5
4 6
4 7
4 8
4 9
4 10
5 6
5 7
5 8
5 9
5 10
6 7
6 8
6 9
6 10
7 8
7 9
7 10
8 9
8 10
9 10
10 11
11 12
11 13
12 14
13 15
14 16
15 17
16 18
17 19
18 20
19 20
20 11
20 21
21 22
21 23
22 24
22 25
23 26
23 27
24 28
24 29
25 30
25 31
26 32
26 33
27 34
27 35
21 36
36 37
37 38
38 41
41 40
40 37
40 39
39 36
39 42
42 43
43 40
43 44
44 41
45 38
45 46
46 41
46 47
47 44
47 48
48 49
49 44
49 50
50 43
50 51
51 42
48 52
52 53
52 54
53 54
54 55
53 57
57 58
55 56
53 58
54 56
58 59
56 59
56 61
59 61
59 60
58 60
52 73
62 63
63 64
63 65
63 66
63 67
63 71
63 72
63 90
63 69
64 91
90 94
90 89
87 95
94 95
65 87
87 89
89 71
87 86
85 86
85 71
86 88
88 89
88 99
89 99
99 98
89 98
95 98
67 70
69 83
70 79
79 80
69 80
79 81
81 82
81 83
82 83
82 84
83 84
83 70
70 86
83 71
84 86
95 96
93 96
96 97
93 97
92 97
92 93
91 93
90 93
91 95
73 74
73 72
74 91
74 92
93 72
74 75
72 77
68 74
66 68
68 77
69 77
68 79
78 79
77 78
76 78
76 77
75 77
75 76